{
 "cells": [
  {
   "cell_type": "markdown",
   "metadata": {
    "jupyter": {
     "outputs_hidden": true
    }
   },
   "source": [
    "参考\n",
    "\n",
    "https://blog.csdn.net/bitcarmanlee/article/details/82819860\n",
    "    "
   ]
  },
  {
   "cell_type": "markdown",
   "metadata": {},
   "source": [
    "在机器学习算法中，马尔可夫链(Markov chain)是个很重要的概念。马尔可夫链（Markov chain），又称离散时间马尔可夫链（discrete-time Markov chain），因俄国数学家安德烈·马尔可夫（俄语：Андрей Андреевич Марков）得名，为状态空间中经过从一个状态到另一个状态的转换的随机过程。该过程要求具备“无记忆”的性质：下一状态的概率分布只能由当前状态决定，在时间序列中它前面的事件均与之无关。这种特定类型的“无记忆性”称作马尔可夫性质。马尔科夫链作为实际过程的统计模型具有许多应用。\n",
    "在马尔可夫链的每一步，系统根据概率分布，可以从一个状态变到另一个状态，也可以保持当前状态。状态的改变叫做转移，与不同的状态改变相关的概率叫做转移概率。随机漫步就是马尔可夫链的例子。随机漫步中每一步的状态是在图形中的点，每一步可以移动到任何一个相邻的点，在这里移动到每一个点的概率都是相同的（无论之前漫步路径是如何的）。"
   ]
  },
  {
   "cell_type": "markdown",
   "metadata": {},
   "source": [
    "用一句话来概括马尔科夫链的话，那就是某一时刻状态转移的概率只依赖于它的前一个状态。举个简单的例子，假如每天的天气是一个状态的话，那个今天是不是晴天只依赖于昨天的天气，而和前天的天气没有任何关系。这么说可能有些不严谨，但是这样做可以大大简化模型的复杂度，因此马尔科夫链在很多时间序列模型中得到广泛的应用，比如循环神经网络RNN，隐式马尔科夫模型HMM等。\n",
    "\n",
    "既然某一时刻状态转移的概率只依赖前一个状态，那么只要求出系统中任意两个状态之间的转移概率，这个马尔科夫链的模型就定了。看一个具体的例子。\n",
    "\n",
    "![image](https://img-blog.csdn.net/20180922225436641?watermark/2/text/aHR0cHM6Ly9ibG9nLmNzZG4ubmV0L2JpdGNhcm1hbmxlZQ==/font/5a6L5L2T/fontsize/400/fill/I0JBQkFCMA==/dissolve/70)\n",
    "\n",
    "\n",
    "这个马尔科夫链是表示股市模型的，共有三种状态：牛市（Bull market）, 熊市（Bear market）和横盘（Stagnant market）。每一个状态都以一定的概率转化到下一个状态。比如，牛市以0.025的概率转化到横盘的状态。这个状态概率转化图可以以矩阵的形式表示。如果我们定义矩阵阵P某一位置P(i, j)的值为P(j|i)，即从状态i变为状态j的概率。另外定义牛市、熊市、横盘的状态分别为0、1、2，这样我们得到了马尔科夫链模型的状态转移矩阵为：\n",
    "```\n",
    " np.array([[0.9, 0.075, 0.025],\n",
    "          [0.15, 0.8, 0.05],\n",
    "          [0.25, 0.25, 0.5]])\n",
    "```"
   ]
  },
  {
   "cell_type": "markdown",
   "metadata": {},
   "source": [
    "假设初始状态为[0.1,0.2,0.7]，经过一定次数转移后结果如下："
   ]
  },
  {
   "cell_type": "code",
   "execution_count": 2,
   "metadata": {},
   "outputs": [],
   "source": [
    "import numpy as np"
   ]
  },
  {
   "cell_type": "code",
   "execution_count": 6,
   "metadata": {},
   "outputs": [
    {
     "name": "stdout",
     "output_type": "stream",
     "text": [
      "0 \t [0.295  0.3425 0.3625]\n",
      "1 \t [0.4075  0.38675 0.20575]\n",
      "2 \t [0.4762 0.3914 0.1324]\n",
      "3 \t [0.52039  0.381935 0.097675]\n",
      "4 \t [0.55006  0.368996 0.080944]\n",
      "5 \t [0.5706394 0.3566873 0.0726733]\n",
      "6 \t [0.58524688 0.34631612 0.068437  ]\n",
      "7 \t [0.59577886 0.33805566 0.06616548]\n",
      "8 \t [0.60345069 0.33166931 0.06487999]\n",
      "9 \t [0.60907602 0.32681425 0.06410973]\n",
      "10 \t [0.61321799 0.32315953 0.06362248]\n",
      "11 \t [0.61627574 0.3204246  0.06329967]\n",
      "12 \t [0.61853677 0.31838527 0.06307796]\n",
      "13 \t [0.62021037 0.31686797 0.06292166]\n",
      "14 \t [0.62144995 0.31574057 0.06280949]\n",
      "15 \t [0.62236841 0.31490357 0.06272802]\n",
      "16 \t [0.62304911 0.31428249 0.0626684 ]\n",
      "17 \t [0.62355367 0.31382178 0.06262455]\n",
      "18 \t [0.62392771 0.31348008 0.06259221]\n",
      "19 \t [0.624205  0.3132267 0.0625683]\n",
      "20 \t [0.62441058 0.31303881 0.06255061]\n",
      "21 \t [0.624563   0.31289949 0.06253751]\n",
      "22 \t [0.624676  0.3127962 0.0625278]\n",
      "23 \t [0.62475978 0.31271961 0.06252061]\n",
      "24 \t [0.6248219  0.31266282 0.06251528]\n"
     ]
    }
   ],
   "source": [
    "init_array =  np.array([0.1, 0.2, 0.7])\n",
    "def markov(init_array):\n",
    "    transfer_matrix = np.array([[0.9, 0.075, 0.025],\n",
    "                               [0.15, 0.8, 0.05],\n",
    "                               [0.25, 0.25, 0.5]])\n",
    "    restmp = init_array\n",
    "    for i in range(25):\n",
    "        res = np.dot(restmp, transfer_matrix)\n",
    "        print(i, \"\\t\", res)\n",
    "        restmp = res\n",
    "\n",
    "markov(init_array)"
   ]
  },
  {
   "cell_type": "markdown",
   "metadata": {},
   "source": [
    "从第18次开始，状态就开始收敛至[0.624,0.312,0.0625][0.624, 0.312, 0.0625][0.624,0.312,0.0625]。最终数字上略有不同，只是计算机浮点数运算造成的罢了。\n",
    "\n",
    "如果我们换一个初始状态，继续运行上面的代码，只是将init_array变一下，最后结果为：\n"
   ]
  },
  {
   "cell_type": "code",
   "execution_count": 12,
   "metadata": {},
   "outputs": [
    {
     "name": "stdout",
     "output_type": "stream",
     "text": [
      "0 \t [0.15 0.8  0.05]\n",
      "1 \t [0.2675  0.66375 0.06875]\n",
      "2 \t [0.3575  0.56825 0.07425]\n",
      "3 \t [0.42555  0.499975 0.074475]\n",
      "4 \t [0.47661  0.450515 0.072875]\n",
      "5 \t [0.514745  0.4143765 0.0708785]\n",
      "6 \t [0.5431466 0.3878267 0.0690267]\n",
      "7 \t [0.56426262 0.36825403 0.06748335]\n",
      "8 \t [0.5799453  0.35379376 0.06626094]\n",
      "9 \t [0.59158507 0.34309614 0.06531879]\n",
      "10 \t [0.60022068 0.33517549 0.06460383]\n",
      "11 \t [0.60662589 0.3293079  0.06406621]\n",
      "12 \t [0.61137604 0.32495981 0.06366415]\n",
      "13 \t [0.61489845 0.32173709 0.06336446]\n",
      "14 \t [0.61751028 0.31934817 0.06314155]\n",
      "15 \t [0.61944687 0.3175772  0.06297594]\n",
      "16 \t [0.62088274 0.31626426 0.062853  ]\n",
      "17 \t [0.62194736 0.31529086 0.06276178]\n",
      "18 \t [0.6227367  0.31456919 0.06269412]\n",
      "19 \t [0.62332193 0.31403413 0.06264394]\n",
      "20 \t [0.62375584 0.31363743 0.06260672]\n",
      "21 \t [0.62407756 0.31334332 0.06257913]\n",
      "22 \t [0.62431608 0.31312525 0.06255867]\n",
      "23 \t [0.62449293 0.31296357 0.0625435 ]\n",
      "24 \t [0.62462404 0.3128437  0.06253225]\n"
     ]
    }
   ],
   "source": [
    "init_array = np.array([0,1,0])\n",
    "markov(init_array)"
   ]
  },
  {
   "cell_type": "markdown",
   "metadata": {},
   "source": [
    "不管我们的初始状态是什么样子的，只要状态转移矩阵不发生变化，当n->∞时，最终状态始终会收敛到一个固定值。\n"
   ]
  },
  {
   "cell_type": "code",
   "execution_count": 14,
   "metadata": {},
   "outputs": [
    {
     "name": "stdout",
     "output_type": "stream",
     "text": [
      "0 \t [[0.8275  0.13375 0.03875]\n",
      " [0.2675  0.66375 0.06875]\n",
      " [0.3875  0.34375 0.26875]]\n",
      "1 \t [[0.7745  0.17875 0.04675]\n",
      " [0.3575  0.56825 0.07425]\n",
      " [0.4675  0.37125 0.16125]]\n",
      "2 \t [[0.73555  0.212775 0.051675]\n",
      " [0.42555  0.499975 0.074475]\n",
      " [0.51675  0.372375 0.110875]]\n",
      "3 \t [[0.70683  0.238305 0.054865]\n",
      " [0.47661  0.450515 0.072875]\n",
      " [0.54865  0.364375 0.086975]]\n",
      "4 \t [[0.685609  0.2573725 0.0570185]\n",
      " [0.514745  0.4143765 0.0708785]\n",
      " [0.570185  0.3543925 0.0754225]]\n",
      "5 \t [[0.6699086 0.2715733 0.0585181]\n",
      " [0.5431466 0.3878267 0.0690267]\n",
      " [0.585181  0.3451335 0.0696855]]\n",
      "6 \t [[0.65828326 0.28213131 0.05958543]\n",
      " [0.56426262 0.36825403 0.06748335]\n",
      " [0.5958543  0.33741675 0.06672895]]\n",
      "7 \t [[0.64967099 0.28997265 0.06035636]\n",
      " [0.5799453  0.35379376 0.06626094]\n",
      " [0.60356362 0.33130471 0.06513167]]\n",
      "8 \t [[0.64328888 0.29579253 0.06091859]\n",
      " [0.59158507 0.34309614 0.06531879]\n",
      " [0.60918588 0.32659396 0.06422016]]\n",
      "9 \t [[0.63855852 0.30011034 0.06133114]\n",
      " [0.60022068 0.33517549 0.06460383]\n",
      " [0.61331143 0.32301915 0.06366943]]\n",
      "10 \t [[0.635052   0.30331295 0.06163505]\n",
      " [0.60662589 0.3293079  0.06406621]\n",
      " [0.61635051 0.32033103 0.06331846]]\n",
      "11 \t [[0.63245251 0.30568802 0.06185947]\n",
      " [0.61137604 0.32495981 0.06366415]\n",
      " [0.61859473 0.31832073 0.06308454]]\n",
      "12 \t [[0.63052533 0.30744922 0.06202545]\n",
      " [0.61489845 0.32173709 0.06336446]\n",
      " [0.6202545  0.31682232 0.06292318]]\n",
      "13 \t [[0.62909654 0.30875514 0.06214832]\n",
      " [0.61751028 0.31934817 0.06314155]\n",
      " [0.62148319 0.31570774 0.06280907]]\n",
      "14 \t [[0.62803724 0.30972343 0.06223933]\n",
      " [0.61944687 0.3175772  0.06297594]\n",
      " [0.6223933  0.3148797  0.062727  ]]\n",
      "15 \t [[0.62725186 0.31044137 0.06230677]\n",
      " [0.62088274 0.31626426 0.062853  ]\n",
      " [0.62306768 0.31426501 0.06266732]]\n",
      "16 \t [[0.62666957 0.31097368 0.06235675]\n",
      " [0.62194736 0.31529086 0.06276178]\n",
      " [0.62356749 0.31380891 0.0626236 ]]\n",
      "17 \t [[0.62623785 0.31136835 0.0623938 ]\n",
      " [0.6227367  0.31456919 0.06269412]\n",
      " [0.62393798 0.31347059 0.06259143]]\n",
      "18 \t [[0.62591777 0.31166097 0.06242126]\n",
      " [0.62332193 0.31403413 0.06264394]\n",
      " [0.62421263 0.31321968 0.0625677 ]]\n",
      "19 \t [[0.62568045 0.31187792 0.06244162]\n",
      " [0.62375584 0.31363743 0.06260672]\n",
      " [0.62441624 0.31303361 0.06255015]]\n",
      "20 \t [[0.6255045  0.31203878 0.06245672]\n",
      " [0.62407756 0.31334332 0.06257913]\n",
      " [0.62456719 0.31289565 0.06253716]]\n",
      "21 \t [[0.62537405 0.31215804 0.06246791]\n",
      " [0.62431608 0.31312525 0.06255867]\n",
      " [0.62467911 0.31279335 0.06252754]]\n",
      "22 \t [[0.62527733 0.31224646 0.06247621]\n",
      " [0.62449293 0.31296357 0.0625435 ]\n",
      " [0.62476209 0.3127175  0.06252042]]\n",
      "23 \t [[0.62520562 0.31231202 0.06248236]\n",
      " [0.62462404 0.3128437  0.06253225]\n",
      " [0.62482361 0.31266126 0.06251514]]\n",
      "24 \t [[0.62515245 0.31236063 0.06248692]\n",
      " [0.62472126 0.31275483 0.06252391]\n",
      " [0.62486922 0.31261956 0.06251122]]\n"
     ]
    }
   ],
   "source": [
    "def matrixpower():\n",
    "    transfer_matrix = np.array([[0.9, 0.075, 0.025],\n",
    "                               [0.15, 0.8, 0.05],\n",
    "                               [0.25, 0.25, 0.5]])\n",
    "    restmp = transfer_matrix\n",
    "    for i in range(25):\n",
    "        res = np.dot(restmp, transfer_matrix)\n",
    "        print (i, \"\\t\", res)\n",
    "        restmp = res\n",
    "\n",
    "matrixpower()"
   ]
  },
  {
   "cell_type": "markdown",
   "metadata": {},
   "source": [
    "从第20次开始，结果开始收敛，并且每一行都为[0.625,0.312,0.0625][0.625, 0.312, 0.0625][0.625,0.312,0.0625]，它自身就能平稳地进行收敛。"
   ]
  },
  {
   "cell_type": "markdown",
   "metadata": {},
   "source": [
    "如果一个非周期的马尔可夫链收敛，有状态转移矩阵P，并且任何两个状态都是连通的，那么\n",
    "${\\lim _{n \\to \\infty }}{P_{ij}}^n$ 为一定值，且与i无关。"
   ]
  },
  {
   "cell_type": "code",
   "execution_count": null,
   "metadata": {},
   "outputs": [],
   "source": []
  }
 ],
 "metadata": {
  "kernelspec": {
   "display_name": "Python 3",
   "language": "python",
   "name": "python3"
  },
  "language_info": {
   "codemirror_mode": {
    "name": "ipython",
    "version": 3
   },
   "file_extension": ".py",
   "mimetype": "text/x-python",
   "name": "python",
   "nbconvert_exporter": "python",
   "pygments_lexer": "ipython3",
   "version": "3.6.8"
  }
 },
 "nbformat": 4,
 "nbformat_minor": 4
}
